1
101
102
103
104
105
106
108
109
11
110
111
112
113
114
115
116
118
119
12
120
121
122
123
125
126
127
129
13
130
131
132
134
135
136
137
138
139
14
141
142
143
144
146
147
148
149
15
150
151
152
153
154
155
156
157
158
16
160
161
162
163
164
165
167
168
169
17
171
172
173
174
175
176
177
178
179
18
180
181
182
183
184
186
189
19
191
192
193
194
195
196
197
198
199
2
20
200
201
202
203
205
206
207
208
209
21
210
211
214
215
216
217
218
219
220
221
222
223
224
225
226
229
23
230
231
232
233
234
235
236
238
239
24
241
242
243
244
245
246
247
248
249
25
250
251
252
253
254
255
256
257
259
26
260
261
262
263
264
265
266
267
268
269
27
270
271
272
273
274
275
276
277
278
279
28
280
281
282
283
285
286
287
288
289
29
290
291
292
293
294
295
296
297
298
299
3
30
300
301
302
303
305
306
307
308
309
310
311
312
313
314
315
316
317
318
319
32
320
321
322
323
325
328
329
33
330
331
332
333
334
335
336
337
338
339
34
340
341
342
343
344
345
346
347
348
349
35
350
351
352
353
354
355
356
357
359
36
361
362
363
364
365
366
367
369
37
370
371
372
373
374
375
376
377
378
379
38
380
381
382
383
384
385
386
387
388
389
39
390
391
392
393
394
395
396
397
398
399
4
40
400
401
402
403
404
405
406
407
408
41
411
412
413
414
415
416
417
418
419
42
43
44
45
46
47
48
49
50
51
52
53
54
55
56
58
59
6
60
61
62
63
64
65
66
67
68
69
7
70
71
73
74
75
76
77
79
80
81
82
84
85
86
87
88
89
9
90
91
92
93
94
95
96
97
98
99
